1 10
100 200
201 210 
900 1000
5767 8998
345 789
23 980
2345 7899
3245 8790
1236 7890
899 8908
456 6789
346 5678
8765 8900
567 7890
1234 6789
4567 8908
34 789
6789 9876
4567 7890
125 898
34 678
567 899
23 789
456 890 
45 678
567 890
2345 7899
567 678
23 6789
674 798
234 890
4567 9858
3456 8999
3245 8909
4567 5678
8087 8790
23 6788
111 222
567 982
3434 5645
786 6878
8797 9988
4567 9867
5676 6787
6667 7666
3445 7989
4567 8767
2335 3455
4664 8165
7899 9000
345 666
3 7 
76 789
785 6899
46 6787 
4657 7433
223 954
456 3218
98 345
76 2838
736 7890
9009 9999
424 612
2121 3234
1323 7777
779 7890
3338 8999
6867 9809
3456 8900
65 998
99 6666
999 2345
876 7890
45 543
229 9732
984 5263 
3298 4798
9273 9482
892 3445
879 9801
6263 8888
903 8322
29 842
2938 4334
9430 9811
398 1833
7932 9238
4875 8984
9734 9992
6364 8904
911 2211
1892 5938
2039 8733
8743 9834
8379 9111
3985 9430
5898 7787
7565 9089
594 8945
974 9885
3455 8099
6664 7376
565 3333
